260, 2959                      2571                           0.12459              0.86364             
296, 2762                      2571                           0.11639              0.80682             
7153, 260                      4993                           0.11803              0.80000             
7153, 260                      2571                           0.11803              0.80000             
1221                           858                            0.13607              0.79808             
4993, 260                      2571                           0.11967              0.79348             
4993, 260                      7153                           0.11803              0.78261             
1210, 2571                     260                            0.12295              0.78125             
356, 2959                      2571                           0.12295              0.78125             
5952, 7153                     4993                           0.13934              0.77273             
480, 318                       356                            0.11639              0.77174             
5952, 4993                     7153                           0.13934              0.76577             
500                            356                            0.13770              0.76364             
1196, 1198                     260                            0.11639              0.76344             
356, 1196                      2571                           0.12295              0.75758             
356, 1196                      260                            0.12295              0.75758             
480, 296                       356                            0.12295              0.75758             
4993, 2571                     7153                           0.13279              0.75701             
1210, 1196                     260                            0.12131              0.75510             
1210, 2571                     1196                           0.11803              0.75000             
7153, 2571                     4993                           0.13279              0.75000             
296, 260                       2571                           0.12623              0.74757             
260, 1198                      2571                           0.12131              0.74747             
7153, 4993                     5952                           0.13934              0.74561             
3578                           2571                           0.15738              0.74419             
2571, 1196                     260                            0.14590              0.74167             
1196, 260                      2571                           0.14590              0.74167             
296, 2959                      2571                           0.11967              0.73737             
1210, 1196                     2571                           0.11803              0.73469             
597                            356                            0.12623              0.73333             
2716                           2571                           0.12131              0.73267             
1089                           2571                           0.13770              0.73043             
1210                           260                            0.17705              0.72973             
5952, 2571                     7153                           0.12295              0.72816             
7153                           4993                           0.18689              0.72611             
6874                           2571                           0.11475              0.72165             
260, 1198                      1196                           0.11639              0.71717             
2571, 260                      1196                           0.14590              0.71200             
5952                           4993                           0.18197              0.71154             
2628                           2571                           0.12131              0.71154             
2762                           2571                           0.17705              0.71053             
7153, 4993                     2571                           0.13279              0.71053             
6539                           5952                           0.13443              0.70690             
2028                           2571                           0.17377              0.70667             
593, 2571                      296                            0.11803              0.70588             
5952                           7153                           0.18033              0.70513             
2571, 1198                     260                            0.12131              0.70476             
153                            592                            0.11967              0.70192             
1196                           2571                           0.19672              0.70175             
1196                           260                            0.19672              0.70175             
356, 260                       1196                           0.12295              0.70093             
7153                           5952                           0.18033              0.70064             
1240                           2571                           0.12623              0.70000             
4993                           7153                           0.18689              0.69939             
5952, 2571                     4993                           0.11803              0.69903             
6539                           7153                           0.13279              0.69828             
2329                           2858                           0.11639              0.69608             
2329                           296                            0.11639              0.69608             
1089                           296                            0.13115              0.69565             
296, 2858                      2571                           0.11967              0.69524             
2858, 2571                     296                            0.11967              0.69524             
1210, 260                      2571                           0.12295              0.69444             
7153, 2571                     5952                           0.12295              0.69444             
1291                           2571                           0.13770              0.69421             
480, 589                       356                            0.11639              0.68932             
356, 589                       480                            0.11639              0.68932             
296, 260                       356                            0.11639              0.68932             
7153                           2571                           0.17705              0.68790             
2959                           2571                           0.19016              0.68639             
2329                           2571                           0.11475              0.68627             
79132                          2571                           0.11803              0.68571             
1210, 260                      1196                           0.12131              0.68519             
4993, 2571                     260                            0.11967              0.68224             
356, 260                       2571                           0.11967              0.68224             
4995                           2571                           0.12295              0.68182             
5952, 7153                     2571                           0.12295              0.68182             
380                            356                            0.15082              0.68148             
593, 356                       296                            0.12951              0.68103             
4993                           5952                           0.18197              0.68098             
296, 589                       356                            0.11475              0.67961             
356, 589                       296                            0.11475              0.67961             
590                            356                            0.14590              0.67939             
364                            356                            0.14918              0.67910             
1291                           1198                           0.13443              0.67769             
2628                           260                            0.11475              0.67308             
1221                           2571                           0.11475              0.67308             
4993, 2571                     5952                           0.11803              0.67290             
1240                           1196                           0.12131              0.67273             
1240                           589                            0.12131              0.67273             
4226                           2571                           0.13115              0.67227             
2571, 356                      296                            0.13443              0.67213             
377                            356                            0.16066              0.67123             
1089                           2959                           0.12623              0.66957             
1291                           1196                           0.13279              0.66942             
480                            356                            0.19836              0.66851             
7153, 2571                     260                            0.11803              0.66667             
1580                           2571                           0.14590              0.66418             
1704                           2571                           0.11639              0.66355             
356, 260                       296                            0.11639              0.66355             
150                            356                            0.18033              0.66265             
