296                            356                            0.23770              0.58704             
356                            296                            0.23770              0.56863             
356                            318                            0.22623              0.54118             
318                            356                            0.22623              0.55422             
296                            593                            0.21639              0.53441             
593                            296                            0.21639              0.60000             
296                            318                            0.21148              0.52227             
318                            296                            0.21148              0.51807             
296                            2571                           0.20984              0.51822             
2571                           296                            0.20984              0.55652             
2571                           260                            0.20492              0.54348             
260                            2571                           0.20492              0.62814             
2571                           356                            0.20000              0.53043             
356                            2571                           0.20000              0.47843             
480                            356                            0.19836              0.66851             
356                            480                            0.19836              0.47451             
2571                           1196                           0.19672              0.52174             
1196                           2571                           0.19672              0.70175             
1196                           260                            0.19672              0.70175             
260                            1196                           0.19672              0.60302             
593                            318                            0.19180              0.53182             
318                            593                            0.19180              0.46988             
2571                           2959                           0.19016              0.50435             
2959                           2571                           0.19016              0.68639             
593                            356                            0.19016              0.52727             
356                            593                            0.19016              0.45490             
7153                           4993                           0.18689              0.72611             
4993                           7153                           0.18689              0.69939             
2571                           318                            0.18361              0.48696             
318                            2571                           0.18361              0.44980             
5952                           4993                           0.18197              0.71154             
4993                           5952                           0.18197              0.68098             
296                            110                            0.18197              0.44939             
110                            296                            0.18197              0.58421             
5952                           7153                           0.18033              0.70513             
7153                           5952                           0.18033              0.70064             
356                            150                            0.18033              0.43137             
150                            356                            0.18033              0.66265             
356                            110                            0.17869              0.42745             
110                            356                            0.17869              0.57368             
1210                           260                            0.17705              0.72973             
260                            1210                           0.17705              0.54271             
2762                           2571                           0.17705              0.71053             
2571                           2762                           0.17705              0.46957             
7153                           2571                           0.17705              0.68790             
2571                           7153                           0.17705              0.46957             
4993                           2571                           0.17541              0.65644             
2571                           4993                           0.17541              0.46522             
356                            260                            0.17541              0.41961             
260                            356                            0.17541              0.53769             
2571                           2028                           0.17377              0.46087             
2028                           2571                           0.17377              0.70667             
296                            47                             0.17377              0.42915             
47                             296                            0.17377              0.66250             
2571                           1198                           0.17213              0.45652             
1198                           2571                           0.17213              0.65625             
2858                           2571                           0.17213              0.60694             
2571                           2858                           0.17213              0.45652             
296                            2858                           0.17213              0.42510             
2858                           296                            0.17213              0.60694             
5952                           2571                           0.16885              0.66026             
2571                           5952                           0.16885              0.44783             
480                            589                            0.16885              0.56906             
589                            480                            0.16885              0.58857             
356                            589                            0.16885              0.40392             
589                            356                            0.16885              0.58857             
296                            589                            0.16885              0.41700             
589                            296                            0.16885              0.58857             
296                            260                            0.16885              0.41700             
260                            296                            0.16885              0.51759             
592                            356                            0.16721              0.64151             
356                            592                            0.16721              0.40000             
356                            780                            0.16721              0.40000             
780                            356                            0.16721              0.63750             
356                            527                            0.16721              0.40000             
527                            356                            0.16721              0.60714             
593                            2571                           0.16721              0.46364             
2571                           593                            0.16721              0.44348             
480                            593                            0.16393              0.55249             
593                            480                            0.16393              0.45455             
260                            1198                           0.16230              0.49749             
1198                           260                            0.16230              0.61875             
296                            2959                           0.16230              0.40081             
2959                           296                            0.16230              0.58580             
356                            1196                           0.16230              0.38824             
1196                           356                            0.16230              0.57895             
480                            296                            0.16230              0.54696             
296                            480                            0.16230              0.40081             
377                            356                            0.16066              0.67123             
356                            377                            0.16066              0.38431             
1210                           1196                           0.16066              0.66216             
1196                           1210                           0.16066              0.57310             
296                            50                             0.16066              0.39676             
50                             296                            0.16066              0.65772             
593                            110                            0.16066              0.44545             
110                            593                            0.16066              0.51579             
593                            260                            0.16066              0.44545             
260                            593                            0.16066              0.49246             
260                            318                            0.16066              0.49246             
318                            260                            0.16066              0.39357             
